Node		Link		Effective Path		Total Traffic	Case 1 Attacker						Case 1 Range 1						Case 2 Attacker						Case 2 Range 1						
56	0.001132503	246	0.000578706	9	1	9	9	1	1	0.111111111	1	0.111111111	9	1	0.24	0.026666667	1	0.111111111	9	1	1	0.111111111	1	0.111111111	9	1	0.39	0.043333333	1	0.111111111	
52	0.00105161	218	0.000512837	9	1	9	9	1	1	0.111111111	1	0.111111111	10	1.111111111	0.62	0.068888889	2	0.222222222	9	1	1	0.111111111	1	0.111111111	10	1.111111111	0.71	0.078888889	2	0.222222222	
40	0.000808931	156	0.000366985	9	1	9	9	1	1	0.111111111	1	0.111111111	8	0.888888889	0.18	0.02	1	0.111111111	9	1	1	0.111111111	1	0.111111111	8	0.888888889	0.73	0.081111111	1	0.111111111	
51	0.001031387	230	0.000541067	9	1	9	9	1	1	0.111111111	1	0.111111111	10	1.111111111	0.21	0.023333333	2	0.222222222	9	1	1	0.111111111	1	0.111111111	10	1.111111111	0.48	0.053333333	2	0.222222222	
44	0.000889824	186	0.000437559	9	1	9	9	1	1	0.111111111	1	0.111111111	11	1.222222222	0.5	0.055555556	2	0.222222222	9	1	1	0.111111111	1	0.111111111	11	1.222222222	0.58	0.064444444	2	0.222222222	
46	0.00093027	186	0.000437559	9	1	9	9	1	1	0.111111111	1	0.111111111	9	1	0.47	0.052222222	1	0.111111111	9	1	1	0.111111111	1	0.111111111	9	1	0.56	0.062222222	1	0.111111111	
49	0.00099094	202	0.000475198	9	1	9	9	1	1	0.111111111	1	0.111111111	7	0.777777778	0.39	0.043333333	1	0.111111111	9	1	1	0.111111111	1	0.111111111	7	0.777777778	0.54	0.06	1	0.111111111	
42	0.000849377	174	0.000409329	9	1	9	9	1	1	0.111111111	1	0.111111111	10	1.111111111	0.29	0.032222222	2	0.222222222	9	1	1	0.111111111	1	0.111111111	10	1.111111111	0.62	0.068888889	2	0.222222222	
54	0.001092056	210	0.000494018	9	1	9	9	1	1	0.111111111	1	0.111111111	12	1.333333333	0.86	0.095555556	4	0.444444444	9	1	1	0.111111111	1	0.111111111	12	1.333333333	0.92	0.102222222	4	0.444444444	
55	0.00111228	238	0.000559887	9	1	9	9	1	1	0.111111111	1	0.111111111	10	1.111111111	0.71	0.078888889	1	0.111111111	9	1	1	0.111111111	1	0.111111111	10	1.111111111	0.83	0.092222222	1	0.111111111	
48.9	0.000988918	204.6	0.000481314	9	1	9	9	1	1	0.111111111	1	0.111111111	9.6	1.066666667	0.447	0.049666667	1.7	0.188888889	9	1	1	0.111111111	1	0.111111111	9.6	1.066666667	0.636	0.070666667	1.7	0.188888889	0.000354627
5.356304696	0.000108322	27.7135346	6.51951E-05	0	0	0	0	0	0	2.77556E-17	0	2.77556E-17	1.356465997	0.150718444	0.21707372	0.024119302	0.9	0.1	0	0	0	2.77556E-17	0	2.77556E-17	1.356465997	0.150718444	0.153570831	0.017063426	0.9	0.1	
3.319811042	6.71374E-05	17.17671107	4.04076E-05	0	0	0	0	0	0	1.72028E-17	0	1.72028E-17	0.840730886	0.093414543	0.134541213	0.014949024	0.557815529	0.030989752	0	0	0	1.72028E-17	0	1.72028E-17	0.840730886	0.093414543	0.095182438	0.010575826	0.557815529	0.030989752	
287	0.005804077	2586	0.006083475	49	1	49	49	1	1	0.020408163	1	0.020408163	82	1.673469388	0.4	0.008163265	6	0.12244898	49	1	1	0.020408163	1	0.020408163	82	1.673469388	0.63	0.012857143	6	0.12244898	
301	0.006087203	2412	0.005674146	49	1	49	49	1	1	0.020408163	1	0.020408163	66	1.346938776	0.11	0.002244898	7	0.142857143	49	1	1	0.020408163	1	0.020408163	66	1.346938776	0.59	0.012040816	7	0.142857143	
292	0.005905193	2530	0.005951737	49	1	49	49	1	1	0.020408163	1	0.020408163	73	1.489795918	0.42	0.008571429	14	0.285714286	49	1	1	0.020408163	1	0.020408163	73	1.489795918	0.63	0.012857143	14	0.285714286	
302	0.006107426	2192	0.005156604	49	1	49	49	1	1	0.020408163	1	0.020408163	45	0.918367347	0.35	0.007142857	8	0.163265306	49	1	1	0.020408163	1	0.020408163	45	0.918367347	0.49	0.01	8	0.163265306	
303	0.006127649	2456	0.005777654	49	1	49	49	1	1	0.020408163	1	0.020408163	65	1.326530612	0.66	0.013469388	7	0.142857143	49	1	1	0.020408163	1	0.020408163	65	1.326530612	0.8	0.016326531	7	0.142857143	
292	0.005905193	2496	0.005871753	49	1	49	49	1	1	0.020408163	1	0.020408163	77	1.571428571	0.5	0.010204082	20	0.408163265	49	1	1	0.020408163	1	0.020408163	77	1.571428571	0.63	0.012857143	20	0.408163265	
301	0.006087203	2424	0.005702376	49	1	49	49	1	1	0.020408163	1	0.020408163	54	1.102040816	0.5	0.010204082	5	0.102040816	49	1	1	0.020408163	1	0.020408163	54	1.102040816	0.6	0.012244898	5	0.102040816	
250	0.005055816	1884	0.004432044	49	1	49	49	1	1	0.020408163	1	0.020408163	61	1.244897959	0.55	0.01122449	7	0.142857143	49	1	1	0.020408163	1	0.020408163	61	1.244897959	0.71	0.014489796	7	0.142857143	
271	0.005480505	2376	0.005589457	49	1	49	49	1	1	0.020408163	1	0.020408163	72	1.469387755	0.63	0.012857143	13	0.265306122	49	1	1	0.020408163	1	0.020408163	72	1.469387755	0.75	0.015306122	13	0.265306122	
318	0.006430998	2502	0.005885868	49	1	49	49	1	1	0.020408163	1	0.020408163	45	0.918367347	0.33	0.006734694	3	0.06122449	49	1	1	0.020408163	1	0.020408163	45	0.918367347	0.49	0.01	3	0.06122449	
291.7	0.005899126	2385.8	0.005612511	49	1	49	49	1	1	0.020408163	1	0.020408163	64	1.306122449	0.445	0.009081633	9	0.183673469	49	1	1	0.020408163	1	0.020408163	64	1.306122449	0.632	0.012897959	9	0.183673469	0.002055878
18.13311887	0.000366711	195.7170406	0.000460418	0	0	0	0	0	0	0	0	0	12.14084017	0.247772248	0.153182897	0.003126182	4.857983121	0.099142513	0	0	0	0	0	0	12.14084017	0.247772248	0.095582425	0.001950662	4.857983121	0.099142513	
11.238817	0.000227286	121.3044495	0.000285364	0	0	0	0	0	0	0	0	0	7.524832425	0.153568009	0.094941999	0.001937592	3.010953805	0.030724018	0	0	0	0	0	0	7.524832425	0.153568009	0.059241512	0.00120901	3.010953805	0.030724018	
527	0.010657661	6266	0.014740547	99	1	99	99	1	1	0.01010101	1	0.01010101	111	1.121212121	0.59	0.005959596	7	0.070707071	99	1	1	0.01010101	1	0.01010101	111	1.121212121	0.73	0.007373737	7	0.070707071	
531	0.010738554	5268	0.012392786	99	1	99	99	1	1	0.01010101	1	0.01010101	129	1.303030303	0.7	0.007070707	15	0.151515152	99	1	1	0.01010101	1	0.01010101	129	1.303030303	0.77	0.007777778	15	0.151515152	
533	0.010779	5418	0.012745656	99	1	99	99	1	1	0.01010101	1	0.01010101	98	0.98989899	0.54	0.005454545	4	0.04040404	99	1	1	0.01010101	1	0.01010101	98	0.98989899	0.6	0.006060606	4	0.04040404	
590	0.011931726	5418	0.012745656	99	1	99	99	1	1	0.01010101	1	0.01010101	190	1.919191919	1.31	0.013232323	79	0.797979798	99	1	1	0.01010101	1	0.01010101	190	1.919191919	1.38	0.013939394	79	0.797979798	
570	0.011527261	5782	0.013601953	99	1	99	99	1	1	0.01010101	1	0.01010101	128	1.292929293	0.83	0.008383838	14	0.141414141	99	1	1	0.01010101	1	0.01010101	128	1.292929293	0.89	0.008989899	14	0.141414141	
602	0.012174405	6496	0.015281614	99	1	99	99	1	1	0.01010101	1	0.01010101	117	1.181818182	0.72	0.007272727	8	0.080808081	99	1	1	0.01010101	1	0.01010101	117	1.181818182	0.78	0.007878788	8	0.080808081	
561	0.011345252	5834	0.013724282	99	1	99	99	1	1	0.01010101	1	0.01010101	107	1.080808081	0.48	0.004848485	7	0.070707071	99	1	1	0.01010101	1	0.01010101	107	1.080808081	0.57	0.005757576	7	0.070707071	
499	0.010091409	5348	0.012580984	99	1	99	99	1	1	0.01010101	1	0.01010101	183	1.848484848	0.98	0.00989899	41	0.414141414	99	1	1	0.01010101	1	0.01010101	183	1.848484848	1.1	0.011111111	41	0.414141414	
590	0.011931726	6140	0.014444136	99	1	99	99	1	1	0.01010101	1	0.01010101	114	1.151515152	0.62	0.006262626	7	0.070707071	99	1	1	0.01010101	1	0.01010101	114	1.151515152	0.69	0.006969697	7	0.070707071	
553	0.011183465	5668	0.013333772	99	1	99	99	1	1	0.01010101	1	0.01010101	206	2.080808081	0.9	0.009090909	90	0.909090909	99	1	1	0.01010101	1	0.01010101	206	2.080808081	1.08	0.010909091	90	0.909090909	
555.6	0.011236046	5763.8	0.013559139	99	1	99	99	1	1	0.01010101	1	0.01010101	138.3	1.396969697	0.767	0.007747475	27.2	0.274747475	99	1	1	0.01010101	1	0.01010101	138.3	1.396969697	0.859	0.008676768	27.2	0.274747475	0.00475871
31.46490108	0.000636323	400.26836	0.000941617	0	0	0	0	0	0	1.73472E-18	0	1.73472E-18	37.20228488	0.375780655	0.235671381	0.002380519	30.44930213	0.307568708	0	0	0	1.73472E-18	0	1.73472E-18	37.20228488	0.375780655	0.242752961	0.00245205	30.44930213	0.307568708	
19.50178938	0.00039439	248.0843411	0.00058361	0	0	0	0	0	0	1.07517E-18	0	1.07517E-18	23.05779136	0.232906983	0.146067951	0.001475434	18.8723262	0.063543186	0	0	0	1.07517E-18	0	1.07517E-18	23.05779136	0.232906983	0.150457079	0.001519768	18.8723262	0.063543186	
2303	0.046574179	32128	0.07558	499	1	499	499	1	1	0.002004008	1	0.002004008	1069	2.142284569	0.95	0.001903808	236	0.472945892	499	1	1	0.002004008	1	0.002004008	1069	2.142284569	1.63	0.003266533	236	0.472945892	
2139	0.043257564	32078	0.075462377	499	1	499	499	1	1	0.002004008	1	0.002004008	786	1.575150301	0.97	0.001943888	53	0.106212425	499	1	1	0.002004008	1	0.002004008	786	1.575150301	1.1	0.002204409	53	0.106212425	
2167	0.043823815	32132	0.07558941	499	1	499	499	1	1	0.002004008	1	0.002004008	738	1.478957916	1.05	0.002104208	49	0.098196393	499	1	1	0.002004008	1	0.002004008	738	1.478957916	1.15	0.002304609	49	0.098196393	
2295	0.046412393	31170	0.073326339	499	1	499	499	1	1	0.002004008	1	0.002004008	791	1.585170341	0.69	0.001382766	70	0.140280561	499	1	1	0.002004008	1	0.002004008	791	1.585170341	1.19	0.00238477	70	0.140280561	
2336	0.047241547	31954	0.075170671	499	1	499	499	1	1	0.002004008	1	0.002004008	647	1.296593186	1.01	0.002024048	42	0.084168337	499	1	1	0.002004008	1	0.002004008	647	1.296593186	1.07	0.002144289	42	0.084168337	
2195	0.044390066	30764	0.072371238	499	1	499	499	1	1	0.002004008	1	0.002004008	649	1.300601202	1.03	0.002064128	30	0.06012024	499	1	1	0.002004008	1	0.002004008	649	1.300601202	1.1	0.002204409	30	0.06012024	
2168	0.043844038	32090	0.075490607	499	1	499	499	1	1	0.002004008	1	0.002004008	647	1.296593186	0.98	0.001963928	71	0.142284569	499	1	1	0.002004008	1	0.002004008	647	1.296593186	1.05	0.002104208	71	0.142284569	
2305	0.046614625	33420	0.078619385	499	1	499	499	1	1	0.002004008	1	0.002004008	790	1.583166333	1.11	0.002224449	126	0.25250501	499	1	1	0.002004008	1	0.002004008	790	1.583166333	1.2	0.00240481	126	0.25250501	
2248	0.045461899	32656	0.076822102	499	1	499	500	1.002004008	1	0.002004008	2	0.004008016	955	1.913827655	1.4	0.002805611	227	0.45490982	500	1.002004008	1	0.002004008	2	0.004008016	955	1.913827655	1.52	0.003046092	227	0.45490982	
2244	0.045381006	33258	0.078238286	499	1	499	499	1	1	0.002004008	1	0.002004008	836	1.675350701	1.29	0.00258517	184	0.368737475	499	1	1	0.002004008	1	0.002004008	836	1.675350701	1.38	0.002765531	184	0.368737475	
2240	0.045300113	32165	0.075667041	499	1	499	499.1	1.000200401	1	0.002004008	1.1	0.002204409	790.8	1.584769539	1.048	0.0021002	108.8	0.218036072	499.1	1.000200401	1	0.002004008	1.1	0.002204409	790.8	1.584769539	1.239	0.002482966	108.8	0.218036072	0.027474002
65.76777326	0.001330039	776.1284687	0.001825815	0	0	0	0.3	0.000601202	0	4.33681E-19	0.3	0.000601202	130.642872	0.261809363	0.183455717	0.000367647	75.09833553	0.150497666	0.3	0.000601202	0	4.33681E-19	0.3	0.000601202	130.642872	0.261809363	0.191439285	0.000383646	75.09833553	0.150497666	
40.76253915	0.000824352	481.0405694	0.001131631	0	0	0	0.18593851	0.000372622	0	2.68793E-19	0.18593851	0.000372622	80.97180306	0.162268142	0.113704942	0.000227866	46.5455753	0.062185137	0.18593851	0.000372622	0	2.68793E-19	0.18593851	0.000372622	80.97180306	0.162268142	0.118653118	0.000237782	46.5455753	0.062185137	
4078	0.082470474	56568	0.133074249	999	1	999	1000	1.001001001	1	0.001001001	2	0.002002002	1679	1.680680681	1.53	0.001531532	156	0.156156156	1000	1.001001001	1	0.001001001	2	0.002002002	1679	1.680680681	1.64	0.001641642	156	0.156156156	
4026	0.081418864	57322	0.134848007	999	1	999	999	1	1	0.001001001	1	0.001001001	2540	2.542542543	2.35	0.002352352	930	0.930930931	999	1	1	0.001001001	1	0.001001001	2540	2.542542543	2.52	0.002522523	930	0.930930931	
3957	0.080023459	57206	0.134575121	999	1	999	999	1	1	0.001001001	1	0.001001001	1741	1.742742743	1.15	0.001151151	257	0.257257257	999	1	1	0.001001001	1	0.001001001	1741	1.742742743	1.66	0.001661662	257	0.257257257	
3952	0.079922343	56470	0.132843707	999	1	999	999	1	1	0.001001001	1	0.001001001	1192	1.193193193	1.04	0.001041041	42	0.042042042	999	1	1	0.001001001	1	0.001001001	1192	1.193193193	1.14	0.001141141	42	0.042042042	
4003	0.080953729	56442	0.132777838	999	1	999	1000	1.001001001	1	0.001001001	2	0.002002002	2370	2.372372372	1.57	0.001571572	533	0.533533534	1000	1.001001001	1	0.001001001	2	0.002002002	2370	2.372372372	1.98	0.001981982	533	0.533533534	
4064	0.082187348	57286	0.134763318	999	1	999	999	1	1	0.001001001	1	0.001001001	2057	2.059059059	0.87	0.000870871	365	0.365365365	999	1	1	0.001001001	1	0.001001001	2057	2.059059059	1.59	0.001591592	365	0.365365365	
3970	0.080286361	56220	0.132255591	999	1	999	999	1	1	0.001001001	1	0.001001001	1191	1.192192192	1.09	0.001091091	60	0.06006006	999	1	1	0.001001001	1	0.001001001	1191	1.192192192	1.18	0.001181181	60	0.06006006	
4016	0.081216632	60162	0.141529008	999	1	999	1001	1.002002002	1	0.001001001	2	0.002002002	1635	1.636636637	1.04	0.001041041	141	0.141141141	1001	1.002002002	1	0.001001001	2	0.002002002	1635	1.636636637	1.49	0.001491491	141	0.141141141	
3974	0.080367254	57800	0.135972486	999	1	999	999	1	1	0.001001001	1	0.001001001	1167	1.168168168	0.84	0.000840841	33	0.033033033	999	1	1	0.001001001	1	0.001001001	1167	1.168168168	1.03	0.001031031	33	0.033033033	
3877	0.078405598	57294	0.134782138	999	1	999	999	1	1	0.001001001	1	0.001001001	1131	1.132132132	0.72	0.000720721	56	0.056056056	999	1	1	0.001001001	1	0.001001001	1131	1.132132132	1.06	0.001061061	56	0.056056056	
3991.7	0.080725206	57277	0.134742146	999	1	999	999.4	1.0004004	1	0.001001001	1.3	0.001301301	1670.3	1.671971972	1.22	0.001221221	257.3	0.257557558	999.4	1.0004004	1	0.001001001	1.3	0.001301301	1670.3	1.671971972	1.529	0.001530531	257.3	0.257557558	0.053730771
55.93755447	0.00113124	1075.759917	0.002530688	0	0	0	0.663324958	0.000663989	0	0	0.458257569	0.000458716	490.353964	0.490844809	0.458148448	0.000458607	272.0360454	0.272308354	0.663324958	0.000663989	0	0	0.458257569	0.000458716	490.353964	0.490844809	0.442977426	0.000443421	272.0360454	0.272308354	
34.66981838	0.000701137	666.7506528	0.001568508	0	0	0	0.411125514	0.000411537	0	0	0.284025765	0.00028431	303.918951	0.304223174	0.283958132	0.000284242	168.6065896	0.056258455	0.411125514	0.000411537	0	0	0.284025765	0.00028431	303.918951	0.304223174	0.274555208	0.00027483	168.6065896	0.056258455	
6790	0.137315968	91412	0.215043544	1999	1	1999	2001	1.0010005	1	0.00050025	2	0.0010005	2141	1.071035518	1.33	0.000665333	156	0.07803902	2001	1.0010005	1	0.00050025	2	0.0010005	2141	1.071035518	1.39	0.000695348	156	0.07803902	
6803	0.137578871	91960	0.216332695	1999	1	1999	2003	1.002001001	1	0.00050025	4	0.002001001	2183	1.092046023	1.35	0.000675338	105	0.052526263	2003	1.002001001	1	0.00050025	4	0.002001001	2183	1.092046023	1.4	0.00070035	105	0.052526263	
6703	0.135556544	90064	0.211872421	1999	1	1999	2002	1.00150075	1	0.00050025	3	0.00150075	4371	2.186593297	1.89	0.000945473	800	0.4002001	2002	1.00150075	1	0.00050025	3	0.00150075	4371	2.186593297	2.49	0.001245623	800	0.4002001	
6648	0.134444265	91818	0.215998645	1999	1	1999	2001	1.0010005	1	0.00050025	3	0.00150075	4296	2.149074537	1.84	0.00092046	813	0.406703352	2001	1.0010005	1	0.00050025	3	0.00150075	4296	2.149074537	2.33	0.001165583	813	0.406703352	
6827	0.138064229	93980	0.221084675	1999	1	1999	2001	1.0010005	1	0.00050025	2	0.0010005	2441	1.221110555	1.02	0.000510255	209	0.104552276	2001	1.0010005	1	0.00050025	2	0.0010005	2441	1.221110555	1.36	0.00068034	209	0.104552276	
6754	0.136587931	89986	0.211688929	1999	1	1999	1999	1	1	0.00050025	1	0.00050025	2050	1.025512756	1.21	0.000605303	129	0.064532266	1999	1	1	0.00050025	1	0.00050025	2050	1.025512756	1.31	0.000655328	129	0.064532266	
6934	0.140228118	93442	0.219819048	1999	1	1999	1999	1	1	0.00050025	1	0.00050025	4385	2.193596798	2.11	0.001055528	1416	0.708354177	1999	1	1	0.00050025	1	0.00050025	4385	2.193596798	2.64	0.00132066	1416	0.708354177	
6638	0.134242032	90574	0.213072178	1999	1	1999	2001	1.0010005	1	0.00050025	2	0.0010005	2838	1.419709855	1.3	0.000650325	138	0.069034517	2001	1.0010005	1	0.00050025	2	0.0010005	2838	1.419709855	1.69	0.000845423	138	0.069034517	
6801	0.137538424	91856	0.216088039	1999	1	1999	1999	1	1	0.00050025	1	0.00050025	4129	2.065532766	1.92	0.00096048	499	0.249624812	1999	1	1	0.00050025	1	0.00050025	4129	2.065532766	2.3	0.001150575	499	0.249624812	
6773	0.136972173	93034	0.218859243	1999	1	1999	2001	1.0010005	1	0.00050025	3	0.00150075	2190	1.095547774	1.06	0.000530265	81	0.04052026	2001	1.0010005	1	0.00050025	3	0.00150075	2190	1.095547774	1.34	0.000670335	81	0.04052026	
6767.1	0.136852856	91812.6	0.215985942	1999	1	1999	2000.7	1.000850425	1	0.00050025	2.2	0.00110055	3102.4	1.551975988	1.503	0.000751876	434.6	0.217408704	2000.7	1.000850425	1	0.00050025	2.2	0.00110055	3102.4	1.551975988	1.825	0.000912956	434.6	0.217408704	0.101873772
83.41037106	0.00168683	1302.179112	0.003063331	0	0	0	1.268857754	0.000634746	0	0	0.979795897	0.000490143	997.4948822	0.49899694	0.37624593	0.000188217	422.7933774	0.21150244	1.268857754	0.000634746	0	0	0.979795897	0.000490143	997.4948822	0.49899694	0.518830415	0.000259545	422.7933774	0.21150244	
51.69733362	0.001045489	807.0841449	0.001898637	0	0	0	0.786431733	0.000393413	0	0	0.60727263	0.000303788	618.2423727	0.309275824	0.233195358	0.000116656	262.045235	0.065544081	0.786431733	0.000393413	0	0	0.60727263	0.000303788	618.2423727	0.309275824	0.321568514	0.000160865	262.045235	0.065544081	
