10010
10013
10021
10022
10101
10102
10103
10031
10024
10032
10026
10019
10113
10029
10201
10036
10203
10118
10204
10049
11013
10135
10143
10208
11014
10057
10302
10223
10217
10310
11030
10145
11025
10219
11032
11019
10242
10084
10077
11114
{7660,24167}
10158
11115
11123
11051
10238
10094
20001
11045
10326
10089
20002
10421
10098
10271
10099
12006
11135
11221
10430
11071
12021
20013
11057
20021
10352
10417
12008
20101
11232
11081
11074
10282
11139
12111
10355
12025
11233
11240
20018
1
12112
12019
10507
12033
10429
10292
11242
10278
11170
12041
2
11164
12042
12200
12121
20041
10279
11172
11402
4
12036
13000
20115
11403
11317
12130
10288
10367
20029
11260
11404
12124
13002
10533
12046
11096
13003
11340
11168
10607
11255
12133
10391
12140
8
13004
21003
21011
11342
10457
10464
12127
13005
11414
20141
11178
11271
11343
21013
12129
10466
11351
12064
11272
20214
12301
20207
11423
12150
11430
12143
12222
10480
10474
12302
21021
13101
21007
11280
10625
10481
11259
20057
20208
13030
12310
10396
11432
11195
11274
12145
12303
13009
12066
21101
10475
13110
11426
10490
10397
20080
11427
20225
20081
11290
12312
21103
12154
11269
11348
13032
21017
12305
12306
12083
11363
20161
10708
11507
10715
20312
12148
12321
13041
11522
12400
12314
13106
21105
20090
20077
13121
12322
20163
20091
20228
11530
21107
12316
13036
11359
21042
13115
13122
11524
20401
12180
12087
13037
11367
12252
11288
21050
10733
12159
12324
12332
12260
12181
13124
13045
21123
11368
10583
20324
12182
11383
13046
12333
12089
22002
13132
13118
21131
12406
10578
21132
12097
21211
13119
12327
{15766}
12334
13133
11456
13127
20413
10823
13213
12256
11550
20406
22011
12414
20255
12184
11457
13055
11537
21127
12350
12329
10910
10594
12178
12271
21213
10587
20328
12343
13056
21056
12430
10674
12179
13208
12502
21142
14007
10753
12258
12337
20257
21214
22006
21150
12338
10912
12510
21064
11711
20193
21057
13230
13065
21215
12187
10913
12188
12353
10834
11468
13066
12418
12346
21151
12274
12360
11712
21230
10756
10835
12189
11713
14103
11706
11562
21310
12361
20504
10770
21232
13147
30023
11570
20354
10764
10771
11714
22110
10692
11398
11556
12348
11491
13075
11563
21219
13069
21305
11650
13227
30110
11708
11643
11557
11492
20355
20283
21312
21226
12507
11722
12521
21233
13156
12357
30032
11486
14041
10838
13307
20521
20514
13091
21155
13170
21156
10774
21321
20357
10932
12530
13092
13236
13157
13237
21243
10933
20530
12445
21229
20516
21250
21236
12380
11653
12611
13094
14051
14116
13173
13331
30028
13324
10927
12453
21309
13238
13180
12605
13088
13332
11806
30036
30029
12519
12540
20460
13253
13246
12541
20454
13333
12455
12297
10929
13340
11670
13319
23002
11663
21332
20519
30130
10778
21246
20533
15003
13247
12390
21174
21333
12542
12470
20448
15011
21175
11664
11901
20376
14133
11750
11815
21261
30124
21412
13169
22132
13249
12615
21413
13184
22205
20535
12392
21341
30211
14048
11830
14127
13414
13335
21183
20621
30060
30132
11816
12536
22119
11586
21414
13329
23005
14135
15006
11666
20299
21191
13257
21500
21263
10881
13415
12386
13178
30126
11745
11817
30119
12552
12703
10796
22070
20544
13193
12480
10947
11588
11904
10961
10954
13409
12387
12617
12466
20616
12545
13194
14230
22150
20552
20631
12618
21502
20473
20459
30221
13345
21351
12625
12481
13259
21430
21409
20388
20632
12389
22302
14059
14080
10970
20704
31100
12482
12705
20539
13188
21266
15102
20618
12713
21195
13189
21274
11691
15024
13354
30072
11835
11921
20712
12555
21353
20640
13433
20562
12714
12570
10886
10965
11915
21189
30059
10972
12491
14147
30217
12556
20634
21419
21282
22153
12642
20483
11686
12715
31017
11758
14090
11693
10973
15026
13370
12722
12399
20570
21513
11837
22147
14313
20714
13363
20485
31025
13285
20629
12709
12479
12644
12716
21277
11924
22241
23033
11845
12486
21442
21284
12637
20722
12730
30147
12651
11766
11852
21371
13293
12731
11853
14085
12580
30162
21508
23106
15042
12566
12494
31112
20730
31033
22400
31027
12732
11847
15029
11854
23114
22243
14244
15108
11696
14237
30170
11919
21286
12653
21437
31034
12646
20810
12581
20731
13445
13438
13359
21523
21365
14086
20804
21294
31042
11855
13446
13367
20495
20811
11776
30164
22402
23201
31200
12496
21438
20581
21287
22244
20653
12741
21453
31036
31122
14325
14318
31115
21367
20647
13289
13382
31029
21446
20661
13368
21374
12670
30094
12735
23131
22411
20655
21461
12577
16010
10993
20590
20497
20569
31117
12578
14413
12657
21527
15054
23118
30167
15133
31203
20900
31038
12592
13614
14262
21462
13607
12586
13536
23126
12593
13385
30340
14263
20815
31204
21528
15206
23205
20657
31133
21385
12831
14271
22335
14329
31126
21299
23127
30176
15221
30183
11960
14178
21392
21378
20902
20751
16020
12594
22177
30097
15301
14265
11796
30263
13480
15129
23300
22343
14430
13703
21379
12739
16007
20910
21472
20738
21623
31141
30500
22408
12668
22351
20746
31221
13618
14259
12905
21473
31214
30264
20825
20911
12912
14280
12754
20904
30336
22186
15065
20912
16030
12690
11798
12683
12597
11970
15152
16016
31208
22431
12676
14418
23072
20597
20676
31216
21396
12835
11799
23138
13490
21547
30259
14361
13706
13555
21640
14282
15311
12684
12842
24023
16110
20755
22346
12843
15305
23304
21548
40015
12850
12829
21627
32016
15219
11879
22361
23081
15075
30504
12764
31059
12685
31138
12599
20842
20598
20764
20771
20836
30282
15090
15320
12693
14291
14363
21570
22197
11966
22355
21491
20850
31304
12772
16112
21628
31225
16019
30419
12773
23148
15149
22356
22442
12687
30362
13730
11888
21571
14371
31305
20686
12924
22284
31147
13802
13644
20773
31083
31313
12695
15250
15164
40111
13645
15085
23314
22364
21709
30600
21730
32105
32026
31306
31148
20845
21479
15401
12767
20694
21637
20852
20917
20931
20766
31400
31242
21724
12847
20860
32034
23308
23243
21803
11976
24028
21559
20853
20932
12926
16050
14380
31163
31149
14366
31321
20839
30436
24121
24029
20847
21488
32107
12941
13489
14288
30372
21804
30444
24043
24201
24122
15180
14374
17001
24115
21495
31229
20861
31078
16202
20919
12769
20940
21574
32028
31250
16130
22438
24130
31172
31251
16210
13576
30517
30373
20776
20783
11992
21719
40028
22381
14526
30524
31323
12849
15404
15318
23252
31244
16117
14605
30359
15412
24203
31252
13649
11979
20928
12778
23404
13591
11986
13807
21497
20870
15247
31094
20849
25002
24210
14369
20942
31167
12779
25003
31246
16205
15169
22534
12872
30526
13578
13592
13657
23175
23089
11994
16054
20950
31239
16126
13750
30447
12880
15177
23248
22384
15191
14543
21808
31261
14615
17012
14299
12859
14701
16206
15421
24047
31319
13809
24133
24212
13672
24213
12874
31334
14537
16300
30700
22299
11996
14472
12946
23342
32205
21737
24220
14551
12788
20873
20952
20866
31169
23184
14702
16128
16150
20960
31500
13760
17014
15265
15344
13825
40061
23422
13739
31263
31342
15502
20946
13746
21817
14552
41011
16143
13904
12883
31343
40220
23265
31501
13819
22394
24129
17015
16058
31415
31257
15510
20875
16302
13682
13826
22388
12956
16066
23352
21840
22625
40128
12963
31416
15353
14554
24151
31430
16080
31272
16073
16303
40300
16152
15267
41006
23338
24138
22561
21755
20884
16160
31510
31424
13691
30539
15426
12971
15440
15419
16218
15433
21906
24218
15290
13692
40151
31195
41008
14477
17018
30475
30640
22548
30712
32145
32152
15348
30619
31360
31353
40065
20799
31425
16154
22562
16083
20965
14492
13693
33031
23520
15600
15428
13765
14399
21599
40059
40224
13909
12980
16076
31275
21922
41023
17019
24155
25019
13773
17113
30721
13694
22485
21686
32068
22571
14709
15450
41024
16084
20959
12895
31283
16170
14651
40304
24400
24235
16243
12975
21766
22637
31198
16229
14638
13767
14717
40068
32162
16164
24077
15372
12968
31370
15516
31507
16171
16322
20895
25106
22730
31277
14803
22652
16316
12897
12976
16086
13768
22645
22573
21688
15366
31357
40076
18000
24229
24236
24085
22566
22724
21918
23372
23523
15517
12990
12969
31371
14567
24315
31364
25035
30709
32400
18001
24093
21782
13776
13790
22581
16403
24309
16245
13855
22646
15525
41034
15439
16094
31444
25122
22653
14733
20969
31286
24323
24158
32308
16410
12978
30653
13791
22489
15533
31287
15296
24245
33122
24173
24324
32244
23374
23367
31359
16095
15461
16181
16253
14813
15368
15605
31452
31294
22568
24238
21769
15612
15454
41107
16246
24246
20985
15606
21777
14742
30733
24167
30496
22576
13871
24088
40237
42000
12993
12986
25203
15541
16175
31611
24095
16333
30740
15527
24247
16097
17054
13951
14743
14901
15463
22742
31519
40317
30583
23541
21864
32181
23383
22663
15377
31382
15614
31605
16262
18004
20979
16176
16190
33210
24319
15471
22822
14744
33132
23456
24183
17048
13787
23700
40260
23391
30663
31376
30742
25061
41038
16256
25133
30900
22750
12989
16422
14745
23550
15544
30729
31463
32327
32413
14910
32097
14824
15623
16178
42010
31391
31621
21859
25206
24342
25127
25220
40412
32421
15703
13789
16265
12997
32098
32270
40341
16186
16344
32249
14832
13868
17143
24192
18007
17222
14753
16179
31529
34012
50010
31543
31608
14904
32328
25070
30902
15617
33062
17057
40191
18101
15704
21947
13876
22667
22911
23473
17151
14840
14754
15474
42005
17223
14589
14905
17072
16503
32329
14747
24186
40414
40328
18015
12998
25143
25150
16338
34006
25071
30910
30745
41134
16417
15395
30666
25144
42020
15547
17231
17310
22747
15640
30818
41221
14755
14669
24187
15475
15626
41142
15468
30746
16353
31703
12999
30904
16347
31546
42014
17139
50020
25145
15706
33302
21949
17232
40193
14828
17225
18103
13878
14907
15641
15397
40430
30833
14921
22690
21877
14756
25074
41151
25146
15570
41230
23641
22691
17226
32425
33310
33224
17233
25139
25081
34102
31554
15800
31712
41209
16283
41302
31475
26110
25160
15721
30827
16276
15491
30920
23563
23642
15557
16284
25233
17306
14909
40281
15399
17227
41066
32354
32440
21879
24520
14923
23721
40511
30691
34110
25082
42102
32505
41152
31720
18033
24427
30914
31641
24348
18106
25227
15723
16285
16371
22909
33154
40440
42031
30922
31484
31549
24514
16450
17149
17228
22772
24198
26105
40189
21973
15802
17400
31477
50009
25148
15493
23708
33082
33075
24521
14773
25320
23650
25234
31556
30764
50023
34104
22923
18200
18042
25091
42104
41075
31708
30844
22773
16509
22759
17229
25084
34019
23637
30686
23486
14860
33148
25163
30851
41161
22845
15645
16523
21981
23724
25308
41313
16531
22925
25229
24523
33321
16610
33084
40284
22781
23487
15725
15732
30838
41148
16524
30766
42040
17402
18201
24516
26114
24602
31479
34120
21889
18108
16445
24437
24287
30767
30781
13977
25086
24445
17403
30688
16532
40285
21976
18037
22768
32451
33164
16604
15805
31638
41307
31566
25251
22689
34042
30925
32286
31494
15582
24532
15576
15741
35000
25180
22927
30696
26123
25159
23575
23661
24295
30689
32524
18117
33251
18210
41157
15497
31725
15734
41401
15806
50113
16296
31581
31732
41164
16540
31495
30782
50027
24611
34201
17088
17253
18046
34123
15735
31661
18118
23655
14929
21992
13979
23576
26210
15670
41165
15577
30855
50035
34037
30848
14864
31726
30783
23670
31727
14793
22792
23498
42109
42044
24534
16700
22936
16391
24390
18119
30784
15808
25319
15743
31662
50115
30870
13994
17183
24541
24527
34052
31576
41095
30950
15830
30943
15744
30936
15672
31577
17184
33247
25248
15658
18206
32448
32613
42210
23657
18127
24535
24528
16471
14866
34060
31742
24607
31649
25255
42038
30778
34204
50130
33182
23750
24298
40375
23671
23816
17408
25184
26134
33097
22873
15659
31736
16609
24550
27005
25098
50045
35004
15738
15673
41412
34205
31499
41168
31585
41340
30793
25500
42132
51002
41175
32614
40383
26062
17501
24536
34119
25249
33327
17099
18070
23673
23745
32622
25408
27006
16473
26300
23666
23910
23752
14868
40528
25192
16617
15595
51003
42126
30880
24544
19021
41176
41190
25178
31672
31658
50118
32385
33098
23911
18302
17431
24631
32609
17338
33422
32623
15589
30960
16467
24538
17266
40457
24703
34221
25409
34056
30881
18209
51011
23674
24466
41421
25272
19008
26215
16395
24560
18059
17511
30868
31667
26230
32703
16626
19009
25424
14877
40702
27008
26072
40393
17425
13999
25273
41336
31595
26223
42049
31760
35007
30961
15669
33409
26209
41329
24475
24482
24626
15598
15756
43100
16713
19024
40473
15835
50300
16397
32625
40387
23913
24547
24554
34209
17361
25504
30962
15763
50128
34223
34144
22884
50056
26152
17426
22956
24490
17506
25512
34224
25189
24720
15685
40395
26225
24634
15915
15836
43022
18068
32554
32626
22957
17197
18233
19104
51007
34303
31683
25282
41431
31669
25505
15757
22799
23756
31841
24641
34145
40633
17428
15772
19019
16629
22958
30892
16399
33361
32634
33189
17356
23678
23829
35017
25513
34225
25441
34304
41281
30971
41360
42303
31677
25520
34146
34139
42310
34232
26068
25355
42152
16557
40475
23930
16637
25291
15694
41440
15924
35104
33362
32491
27033
18400
26076
27026
18149
17443
24399
24492
22894
32477
43110
35032
35018
15766
31692
34312
25521
41426
34305
42160
42232
25277
23923
23686
23679
24722
50231
35025
41268
43031
30972
42081
16493
50310
17444
17451
50304
24730
33363
16724
27034
15774
50139
24572
33514
17293
26163
15695
26084
18229
24479
23838
19114
24709
24637
24651
34241
25515
41427
51110
50153
35033
18092
16580
50146
35019
31686
16559
32650
35026
24724
25293
42313
19108
40715
19050
15919
19036
17373
23774
17359
41435
15782
41363
35041
25372
42227
24638
41600
42090
25358
24810
42306
42148
15696
16811
23688
51032
25509
43112
16567
32479
17604
18403
17439
34250
34315
22969
24811
50241
42163
31932
19037
16805
31846
28000
42235
25531
41364
41285
41508
42084
34092
50083
30975
34171
16654
16496
26244
41371
43106
41601
16582
30982
23855
18260
15935
34309
25460
30990
51034
31782
22898
27044
25525
24582
25446
24489
33438
19117
19052
14985
33287
23934
23927
17447
23862
33517
26166
34251
50156
34323
34244
26094
50084
41293
50091
26317
18404
35115
17368
17534
34245
51028
25447
15929
33525
25454
32654
32719
31769
16735
14993
26253
40581
33604
23935
16814
31783
14979
15943
15936
24590
25540
15857
24576
26167
15699
{29076}
40653
17462
50171
50315
16591
17621
30985
16657
25369
50316
31863
19133
18183
23871
31856
41288
43109
25534
42403
41453
43130
25376
27204
50244
50158
40805
23936
42245
34325
23944
17622
50173
35132
17378
27047
15945
33606
25700
36003
31950
23779
25607
31857
14988
25542
30986
41540
23951
41454
24592
34254
25528
34326
25384
42318
24750
50331
50245
17536
34168
43045
43203
32742
17623
35054
35047
40498
32592
14989
25615
15960
34248
19214
32743
32808
26328
17465
17379
34169
25299
35140
24579
25529
24593
43046
16594
41369
18185
41606
41390
35205
50088
24672
33470
25543
17459
34270
16832
25472
16904
36012
33701
33529
33536
26501
23953
18351
30988
25386
43061
34263
35213
34177
24680
50168
24594
43205
15954
50261
26422
16739
35206
19151
23947
25394
16905
33544
27064
24832
25466
15962
24904
24753
18187
17625
28007
31953
16668
25473
42335
42177
24739
43213
42184
51054
41622
25459
34501
33616
18266
24588
40579
41457
17554
17547
17633
33480
44020
27216
27065
27137
24589
25467
23948
26259
17561
17619
17705
28022
16906
30997
51048
24682
34265
43142
40824
23962
34430
43070
42337
16842
33481
18282
27066
27138
24748
40911
17469
18268
23884
31797
26339
30998
15964
35144
34187
35302
42186
25482
34273
25468
42430
41710
16835
35223
16921
43150
23956
41552
24827
24762
17483
42187
15958
19082
33554
36030
16685
31877
28103
27067
24835
15879
15965
32748
19233
17477
16692
18283
28024
30999
42352
41704
25490
34267
43209
42510
50337
50265
19305
35059
17714
17707
26512
26426
26505
33561
44022
27139
50258
43144
26282
15886
24691
17557
36024
25549
24599
36031
33483
36103
16851
33490
17492
40762
40913
23879
28032
40676
35074
41554
25556
51230
42504
50187
35067
15894
34347
42346
42353
27240
42432
43073
23893
44009
50503
44030
42425
34354
42339
43152
24829
43310
16837
33548
34426
50266
41475
25478
17709
15895
33491
18450
36025
24916
24923
26198
31893
16852
25650
26284
23966
18371
18364
19228
25636
19170
32678
24679
43146
15974
60015
41476
35154
34513
18508
43067
25557
27320
41562
43153
50188
43139
27069
51310
50360
41397
17638
51074
35320
24852
19092
33650
26292
27400
18530
25651
17494
18451
19229
17559
17645
15982
41556
25486
43226
60009
43082
35313
34277
24931
23895
25637
52110
42362
32837
51154
35400
41722
33651
19158
27085
17639
18531
26523
18366
17660
19316
19237
32773
23889
50362
42291
41571
42514
34508
16696
27229
27322
34450
42277
26451
19165
41399
43148
44033
43320
50434
34364
35228
24846
19086
35091
17726
24940
41572
34279
34372
35236
26452
34444
19331
19159
33652
25653
16941
3202632026
27323
17812
28036
19180
25660
33494
41802
34602
51069
41709
43314
28201
51155
52112
19094
34358
35401
42429
60018
29000
44027
50507
19411
33660
24783
17806
19181
16942
19332
18540
16863
17820
17727
19318
17813
28202
43157
52041
25496
34359
34610
60033
28130
25582
42516
26367
19174
23991
50292
43171
42358
51400
24776
24848
33567
42610
27325
41653
24863
32855
26375
16943
33661
17498
17814
18390
44050
23899
17670
28210
28124
19089
32934
33489
35087
34604
34288
34525
41811
41639
34295
28131
25648
26289
43172
35238
27181
19261
43244
25576
41495
25577
24785
24699
25584
42525
52201
24778
40941
33662
32698
19406
15994
33576
31985
25649
19169
26613
18391
28118
19255
32791
29003
24864
51172
35239
35332
25498
27168
28204
28125
41496
42518
24936
28132
24792
41733
42532
52036
33569
34368
17579
35254
35168
33742
40784
16880
43260
52116
34448
17816
31993
41820
43404
25592
24872
50446
28205
27334
16866
28140
28212
17658
17809
44124
44053
33657
19271
26615
34470
45010
51167
18379
17659
19257
16795
18616
23988
17666
16960
28220
19422
28141
24945
34700
33901
43333
34456
29012
26608
51088
34391
41900
42613
43405
26458
32787
24867
41750
27257
33902
50606
17746
51405
32952
18710
34385
26609
28214
50613
37012
15997
24953
33823
29006
50448
25745
35177
42298
34378
43097
28135
28142
41822
28207
42456
60203
35328
26616
43334
28300
27501
35191
24881
60052
50620
18624
50384
17819
17675
50607
61010
36049
27272
18618
33659
27258
25818
24961
25746
16876
18474
18632
16948
35415
32881
17668
17826
37013
35329
29014
50463
29007
24796
26617
51406
44141
60039
33680
17754
51190
60118
35178
27193
25904
32867
37100
17676
17841
17762
43350
33667
25761
18712
51407
35179
24955
60212
43343
60140
33588
18705
16798
32882
16949
36222
36215
26546
33904
41659
50392
45013
51184
43192
28137
35409
27345
44056
41824
24962
52048
25668
52213
50472
32869
33668
26554
18548
32955
41904
42459
42473
51343
27425
25920
18490
17828
28303
28310
28145
28224
36144
51329
35352
43265
34704
45014
42466
52142
27195
28152
35266
44143
43179
42480
37101
16971
51178
34560
51408
32890
29030
17922
17685
42632
33597
25921
50710
35432
34547
29017
50459
33748
40948
33676
41589
18398
28146
26548
42395
50473
44302
35425
29031
24971
43266
35339
35274
34554
35511
52064
51430
34619
35346
60300
45015
28153
42560
50466
42546
51186
43338
33920
41596
51431
24958
33770
34397
27506
50618
44217
34555
43267
35189
52302
16966
25843
32885
17916
53015
16887
18485
33763
37110
44066
41913
50481
24893
42396
43418
51273
41920
35512
28226
35361
33749
53022
17686
33842
26549
26484
18399
42705
17924
41749
44160
35434
33843
42555
33771
41842
33915
43268
52080
50482
33922
16967
19515
26801
17766
19429
28306
18479
28155
53023
33764
37018
35362
41691
34549
41828
50468
34714
35283
51188
42490
28241
52073
51346
17917
50554
42548
50561
41770
60137
36219
60144
41692
18566
26479
45025
18494
27364
37105
25694
28400
32959
33765
41599
52153
43513
42549
34629
41678
53110
33923
28242
28156
28163
42484
43197
42477
50562
42800
61030
51426
51440
37027
42708
19531
26724
26652
36149
25767
19373
26803
19366
17696
28250
52233
25853
25932
26810
29107
34723
33852
43284
24889
50477
35371
41765
34572
18488
53018
33924
61031
43356
34709
52075
42478
50628
28171
53025
50549
42564
35601
60139
50398
35199
43435
51290
42571
24990
34803
27373
52320
27524
36236
34573
17941
33695
32982
19381
27445
17927
28165
25933
28323
18812
25847
37028
35516
50629
43443
41931
50643
25689
27287
28244
28309
28158
28330
53112
42723
36171
29050
51363
41852
42637
34645
27531
18647
37035
42652
34718
36086
18734
27288
26496
16992
28173
28245
27446
35531
41925
29037
29202
45035
44078
32976
28166
40975
60241
34660
52228
35366
25769
43293
35524
43531
17864
29131
44237
19383
29124
42574
33934
17785
38001
26806
52229
41847
37037
35518
43366
34661
45029
44158
41854
34568
28260
52308
50810
41689
61034
43287
35374
28239
19541
17857
43438
36324
19384
35526
29046
29053
29125
60171
19528
18592
28340
37045
36253
50581
45037
34820
51373
35612
51380
42568
42575
52251
52323
53115
42812
34569
61200
34655
28247
61121
18671
43439
50567
60078
29119
60330
35297
34584
17787
36412
45117
53202
26592
28169
52245
37053
37204
37125
43612
34814
43289
35369
51611
42583
42655
60158
29061
42590
53037
33871
28183
52173
41849
61029
35376
51288
50647
29140
33929
34577
42806
36326
45204
33951
36327
26744
44412
19551
18745
17939
28263
53131
52260
27299
37054
37061
37119
33786
24995
29134
42742
35377
29062
43620
35614
42656
50569
51461
43376
41943
41871
43541
44096
61130
41929
54002
53038
37133
45046
50655
51375
60252
37140
17961
24989
29049
44327
27393
43391
34744
27630
25795
17882
28343
18739
28329
53211
28192
28264
37213
50821
35701
29056
43542
41937
43700
50670
51606
27537
53118
28271
53125
53053
53132
28099
50591
35457
61045
29300
29208
33874
41938
18747
27552
33788
25961
52262
53061
28186
53133
28502
37214
19711
37063
51528
29071
35393
34594
26753
61211
43550
18840
28258
52327
42579
53054
26739
53047
36408
17948
60168
41794
34752
45300
60169
36351
29209
34739
42910
53055
19554
18683
26668
45142
17970
28352
53062
28338
52263
36423
36416
37057
33796
42831
51543
41960
42673
41867
43623
41881
35631
25883
28510
33875
44257
28187
60341
17884
28266
53048
18676
44185
43537
35617
27553
35539
50673
36280
25956
43538
42739
61048
42832
38022
54020
26827
28274
17971
28511
27705
28267
36352
37137
37209
29152
42667
29066
34912
35625
19397
29217
44265
43545
19555
28360
28346
53070
29073
35467
51551
42753
41789
29303
45215
17885
52099
60191
34747
33891
34762
26914
26677
19800
53301
52344
34748
18678
45230
28347
28512
27720
25885
29304
29081
29074
34676
42754
42596
19570
28268
53143
53071
44345
61056
43539
44266
45302
17958
61070
41883
46015
42912
43711
33970
29232
36188
27476
17887
29075
41798
42755
43561
35641
29226
33885
44267
37153
28513
45224
28283
52280
27800
53230
29305
62007
35706
51474
29147
29154
35548
33971
43554
53144
51395
60409
53137
53209
41877
43712
33892
42841
44281
34770
29076
50683
50920
60280
35549
25973
18687
27715
33965
50597
44512
19479
17888
46031
17974
17895
53224
53138
53080
37219
37075
51468
35491
51619
43720
28198
53059
28349
28370
28284
34764
61223
29069
53145
53152
25887
37233
43555
51547
45146
34757
60187
44196
42763
51705
45147
34772
29084
61231
26838
41965
38040
18839
41958
17975
45305
28285
27651
52361
50763
37148
29091
37076
37090
50677
29314
51490
34916
51483
35571
19803
28364
53153
29170
28292
43714
51555
25967
53225
45312
38026
34909
61059
34844
17897
37084
19653
25975
44356
41887
44514
26860
27717
28509
27724
52276
27810
36436
37149
41966
51484
44600
44507
61146
50771
28279
28358
28293
53075
60268
35558
42772
37314
37228
42765
45400
50923
35645
25983
44285
35566
50837
28438
19812
45170
19582
27653
53162
19740
26854
18934
37308
35638
41967
19496
34695
42845
43802
19661
44522
34688
51708
28359
28287
53076
34781
51399
50765
42852
61233
42773
44436
26689
35810
44530
53400
27582
45157
53242
27805
26769
18863
19497
54034
37309
44286
60600
43559
42781
29317
42695
29252
42918
19806
29403
53163
53149
33983
35804
45250
35725
35574
44444
62026
35567
45309
29404
43646
34848
26935
27569
36374
25899
41897
35805
42926
46043
38202
28605
28368
53078
52444
61400
35575
41976
43567
33991
53171
34934
51580
61170
52286
42861
35568
61163
36295
45158
45237
18943
50767
51810
35654
37238
29405
44604
18779
18786
42927
29182
43733
53237
52610
27742
27814
25993
37088
35662
37253
19578
44381
51653
18865
29319
61078
27807
51646
44611
34863
38203
26929
62028
53158
41898
26785
45166
43647
43496
18793
43727
43576
60294
29190
27822
43583
60610
39010
36383
27750
29169
26793
19830
45411
52532
28377
37182
35584
35742
53238
54044
19809
52604
53087
53180
44605
19902
37254
45253
44375
35670
19586
50928
26794
19752
18881
43670
61180
55002
44383
26938
27665
53332
46053
53246
27751
28550
37255
37183
34779
29414
35815
34858
51813
29177
34786
28299
39011
53167
53181
53174
43814
35592
51497
50856
42699
36377
37248
45334
26788
29422
53340
26881
38220
27817
52376
27745
37184
35816
44391
50864
51728
44700
53182
43578
18882
60447
35737
51577
29329
42786
36471
45413
34867
19754
36623
18883
35745
45177
37271
26882
45414
28624
52470
63010
37336
34953
51815
28703
43751
39020
43586
54054
53169
28545
42794
29179
43658
45328
45335
19905
52700
46062
42880
42787
35753
50952
36624
37179
34875
54048
27589
36394
28625
52457
36617
47020
51665
60384
62047
43666
28618
53191
62212
51744
27747
53184
38071
43659
29194
60456
29259
61190
60299
35819
36632
36625
37273
62206
45265
36618
46208
18885
46215
45430
46064
27841
28640
28554
53264
26949
25999
37187
43911
51903
51587
43832
44387
52465
41997
34797
42947
53185
38209
51910
45179
44552
60471
34948
39015
19842
37280
45194
36619
43833
19685
43754
29354
26878
54301
36626
45510
28555
28548
19771
24
43668
44395
42883
62300
51904
41998
53179
50882
45352
43826
28634
45280
53258
63013
37353
39102
18965
51674
53409
44468
19693
37282
38081
19844
26972
27757
46231
32
45425
38146
45274
45195
45267
27678
28642
27908
42877
61337
34971
47009
28707
34892
25
35598
39103
62136
27843
36483
37347
45346
26886
51754
43762
60703
38082
50884
36628
42957
60388
63008
35908
52468
35843
36563
38154
27765
27693
52547
52554
52640
50956
29442
28801
52389
51762
39032
61417
26
50949
37276
28492
50891
42892
29363
18895
51827
29278
28716
47104
43843
26895
47018
35916
54225
18889
45513
38148
27759
52720
28637
37521
47111
29199
43764
39040
29285
51691
37284
27924
34
19918
35686
28802
42965
19782
38091
62067
28717
36493
18990
54240
29286
45349
53348
54312
54154
42
42973
45514
38307
38235
38149
27781
28580
27932
35
62081
29530
43758
39120
47105
60641
52721
44629
34974
35838
44715
51764
43852
19855
27768
27696
38322
28653
27775
54234
34968
29287
51930
47027
51765
29452
60563
62240
37451
54155
39121
38229
39107
43687
42981
53435
26897
36645
53364
18978
29518
28719
35847
53292
28812
38158
36732
45437
61349
42896
28726
29439
39122
60801
19863
28654
43925
29453
29611
35768
44494
53199
52730
39115
38172
38165
34984
44581
34977
43940
35776
26978
28590
52573
28497
54308
34898
44574
52559
28576
50968
45287
46093
46309
38
45294
62314
43782
29382
48000
53451
38095
53610
39045
47123
36820
28663
28649
29606
37540
61372
43769
47116
52660
60717
37612
44733
29620
44647
29534
29527
36734
44654
54309
29535
37613
29607
35699
38333
38182
46404
60725
45296
38340
36728
36498
53439
26994
55130
29614
61287
47203
39211
39125
28750
28657
62402
29384
29449
27951
29456
52661
37376
44655
28736
47117
39046
38248
42979
38176
44814
44735
35937
46261
62
29550
28809
28751
38097
36585
52662
37463
60496
39133
51942
39205
29608
47118
19881
28658
52590
55
43950
45455
29457
28745
29544
28910
29386
50993
27939
28824
19875
45528
45298
28666
27881
54182
61454
29465
37529
29551
62088
39134
47205
51929
44750
60497
45470
28738
70
37457
34995
54412
38500
61382
48004
44902
61297
38264
57
45543
45536
27882
27947
28667
55140
47141
39056
28760
39049
71
35953
64
52901
27796
29473
28825
52592
35795
28595
51944
35788
44579
28761
29467
44587
51945
29632
39301
38193
53471
54098
45458
45630
52579
37545
28840
34997
72
27876
47207
62183
28668
54328
43939
29553
62406
45538
29396
50989
28676
80
54329
46502
38266
52752
28669
27884
35962
36912
28762
39216
51939
62407
46193
28906
47143
62421
39151
47215
73
52824
37395
51960
45552
38503
44739
29468
43882
29712
28683
44826
29562
44682
62415
19893
81
53480
47223
45474
36841
43948
38195
38511
28598
52739
35891
39138
36683
37619
37468
60587
39145
43797
28684
28907
28828
51947
47065
39310
52588
61472
29713
37475
51875
62178
53703
44668
53388
62423
38505
52747
52840
52668
36914
36907
29491
39153
28685
44913
28843
61480
39232
52596
37483
27893
46353
46195
39074
36678
47232
43957
29571
47218
56030
55073
46354
69
36843
38506
38197
27887
29636
29485
51884
29492
44684
52762
38283
44677
43892
44914
51964
28917
29644
51892
29709
19968
27895
63152
29802
36930
36916
36923
44843
46276
52770
44764
51957
37571
47147
45642
44678
45629
36687
43966
38285
46435
38199
56111
45650
38278
52836
52850
36917
39156
43973
47148
47241
51958
46198
27896
62189
62282
52771
19969
37637
52678
44686
48112
39242
39228
54276
28926
47242
46515
60764
36846
46601
55076
45558
27983
36932
28775
60771
47321
28768
39401
52909
54600
52851
52758
61570
45572
56040
38516
29732
44924
48106
44838
61398
36925
43975
28697
36696
53486
62600
55314
29582
47236
39309
48200
28769
52924
39251
56042
28849
55236
39180
45725
27978
38288
38611
38525
45495
52925
55229
29655
29648
29576
47165
48043
28870
88
48115
60917
44775
27992
28784
48108
62292
44919
39087
46366
54523
37662
27986
44941
62523
35985
55330
55309
38289
35899
36928
39167
29649
29670
39318
48044
52768
52696
47159
52689
52940
37497
48037
45582
47245
62365
46446
53488
53581
48123
55410
45820
65000
39326
46375
28858
60926
36943
47253
48052
60775
47095
52783
39405
44942
52941
38462
38527
39168
48124
35993
46454
19988
37577
29657
35986
38456
36937
48039
47096
54540
45735
38621
61568
54519
36944
53497
65001
52928
52935
52777
48204
35994
36786
52856
56038
53727
28859
44943
39097
28938
55095
45671
43994
47169
36866
47176
46449
54376
52871
52950
54527
36873
36952
28881
60777
48212
52864
48061
45815
45750
38529
56132
61813
45729
55405
39184
37672
46392
54700
60929
39501
54607
55183
29760
56133
38616
36874
36881
47249
39257
57011
52937
52872
47328
36953
55176
52858
38623
44787
39264
39271
38544
44953
46609
28890
65004
45587
56048
45903
45680
52873
52787
61657
54543
36947
36868
36961
47264
29596
52859
52880
28876
48056
47329
52866
47350
52794
38710
39179
47271
39193
45667
28884
29748
48057
55350
55329
45588
45825
53817
47502
48129
28877
60859
65005
28891
52960
55264
44882
45595
62471
39273
47193
38561
55423
37906
45668
65020
54473
55351
61666
53904
46632
29684
44890
36956
29691
28964
48223
28885
28878
43998
38640
63178
38712
47273
48230
39432
49101
28886
39505
45669
45762
63502
38713
36971
44963
49102
39440
29685
49023
52962
55352
45841
43999
65100
39347
28972
62466
62387
46562
57023
47440
60890
29909
29930
53690
38477
29844
53597
37678
36965
36958
51999
48067
29686
39434
39290
44964
39197
63431
52956
45763
39506
55353
49103
57102
46627
54705
47196
37930
49025
46707
39442
39356
29838
53828
53907
44972
45922
36959
48161
28974
60884
46491
52971
52892
37693
56218
55361
45599
29687
47506
65009
54720
47513
36887
47441
55355
29695
48076
28968
44894
29846
53692
45758
45916
52965
44980
36974
46636
61763
46650
55441
48148
39199
49019
38565
47370
55427
39293
39451
29933
45845
52973
49120
39279
44895
60879
47522
29861
45838
65104
38566
38731
39444
29696
55515
45846
44889
55199
46717
56156
55508
52981
61909
61758
45932
47451
48229
44896
48243
39603
38639
52967
52974
47602
48315
29697
61844
56149
48092
57120
47293
38726
38496
48237
29791
29863
36991
56308
29870
53767
36977
48172
47438
39295
28978
48323
39288
48309
49115
38661
52982
47517
47531
45854
61917
38740
49029
39611
46725
54652
62638
48159
48166
36992
56079
45769
56309
56251
52976
64401
49109
39526
39289
48173
47381
56402
48252
63516
65114
54646
47439
48331
39605
39375
46719
39612
62567
47605
47447
62488
48239
29944
54489
56252
65115
53927
28994
39613
61919
56403
62639
55532
49131
36994
49060
58002
38592
56246
38499
45699
61848
39470
49125
48096
48089
57045
62489
61776
49204
65109
55526
56260
56088
29859
47541
48326
54648
53698
38809
39392
47463
47377
62734
56261
58010
39608
39299
39701
28996
39543
39529
48176
47535
57118
49140
46664
52979
60899
61928
52993
56247
45786
55383
39386
54815
39551
55391
62807
61950
29789
53786
39616
39702
48098
47608
39537
61929
57119
48249
54578
56169
39458
44988
39710
38753
49063
55536
45953
45960
39480
47702
47379
47623
39545
52995
48408
49070
47544
52988
57055
47537
39473
45796
46746
46832
56257
55465
57049
39704
49301
49064
47480
47394
57128
38826
56264
57207
47624
48416
56350
46595
29877
46588
57136
65128
37963
56258
38913
56186
47474
39626
49223
49151
48424
57208
57129
56430
49058
47395
65300
39396
48417
62825
29886
38835
54596
49231
39555
48339
62588
56503
54682
46841
55395
38757
47720
62833
46691
46749
55554
52999
48275
48347
57217
38922
39642
49074
49160
54676
48268
56511
56360
54841
38771
55561
48354
47713
48361
62668
62754
61955
47562
38930
57218
48362
39636
55720
47570
39399
46764
48434
61949
55713
55548
48427
65152
54756
38917
55707
38759
38773
64512
29889
39572
39637
39651
61971
48284
61878
47478
38924
48370
39493
48278
46687
53959
57227
47637
38932
49242
48371
56514
55644
38861
45896
46860
46781
48293
39811
49401
57084
64600
47645
54924
38768
47724
57091
39574
57235
39582
49309
48287
48452
55803
38790
62917
39647
48438
49079
48445
48294
64601
56523
57085
38934
46861
46926
45898
45991
64516
54782
29979
55581
61889
49403
39648
48453
57172
48288
37978
55653
63494
39569
45899
39900
57087
46849
55805
38778
48519
48612
39728
39591
48296
57324
55740
64610
48533
56611
47569
46935
39821
48289
47814
29988
39743
57174
38858
46929
39822
47742
65403
47656
57239
56447
46699
46785
57246
38794
46786
55821
39737
56534
38880
54929
55649
49183
48614
49327
39816
64612
55670
55577
55663
49413
57261
57096
56462
62784
62943
64534
37996
56391
57420
49342
47586
57262
48464
47902
47809
49335
39817
48457
46873
62929
39824
55658
54945
56385
58055
47594
39760
58127
49350
58206
47680
57256
39832
55665
39904
49185
38961
55824
48538
39912
53989
38883
55666
49502
39668
57501
65500
58070
56702
55818
57344
48467
48539
62874
65099
55667
38949
56394
49352
65501
56466
56538
61996
57193
39762
39906
39669
62947
57187
58209
57259
39756
49360
56704
38964
55761
47748
39835
55690
62955
48555
63912
47684
39685
47598
49282
58224
49505
58310
53999
46957
48483
58303
56468
48641
47764
47692
48635
65511
39923
56627
47843
39837
62956
48642
58067
49362
57433
55828
56634
48484
48570
39765
49349
57355
56628
46887
38888
65512
47837
48708
39931
48485
54972
55915
55685
55850
55836
56707
57427
56477
57290
49507
48571
39852
56484
62958
39839
48479
48716
39781
49371
47773
49508
64628
55772
65506
63915
47694
65442
58321
65507
55766
58307
57285
48573
39775
48803
58314
38976
48559
39861
57371
49373
47775
47696
57451
39783
58085
58243
57516
64559
57524
39928
47862
49367
48654
39791
48575
47927
65530
48719
39792
39785
62969
47777
49461
49289
47698
48648
56582
49375
56740
49605
48569
58173
64567
65525
39944
38987
49620
58167
63855
47872
49528
65533
55943
63928
57534
49542
56656
48815
49377
48822
57463
47794
48823
49550
57470
55865
39939
49457
48658
49608
57384
65534
49544
46989
64750
49609
56665
55794
48910
55945
49458
56672
58256
57608
57543
65535
47881
56737
48738
55953
47961
39869
56910
47796
48832
58408
47869
58430
57394
47883
64752
56595
56681
58273
56833
57704
39964
39878
59058
47949
57388
56761
48683
57474
58511
49634
56755
48828
48756
56762
48842
57619
49641
57554
63956
47886
49800
48692
57627
48757
48915
57397
47887
49715
49571
47894
49485
57707
55879
57800
58514
58507
56844
58291
47895
49572
57571
59148
49558
48924
58601
48695
48918
58443
58436
64758
57723
48781
57731
57487
48940
49488
57494
48919
48926
64687
59322
48854
48861
56689
59237
57567
56926
58453
58381
58439
49583
58461
48943
59318
48950
57662
56784
49821
48858
49808
48951
58620
49743
57807
56857
58463
58621
58470
48880
47995
49902
49594
59249
58701
58392
49831
58464
47989
49588
48961
48882
58552
58466
48948
57681
59337
58473
57588
58704
48956
57596
58474
58389
48964
49749
58396
48971
49677
49835
48957
58482
58640
56949
48885
49685
56799
59268
56971
49909
57771
59441
57843
58477
58629
59507
58715
59370
49687
59514
49931
58486
49774
48889
59508
57766
59515
49925
58717
49689
58803
59444
57853
57918
59516
49934
57782
59380
58725
59460
49791
58654
59605
59519
49792
49785
58656
59620
59455
59527
58577
57864
57858
59542
57944
58815
49866
49788
59622
59701
57873
57866
58672
58587
57795
58910
58666
57882
49962
58825
49883
58682
58668
57948
49963
59481
49964
59547
49957
59554
58913
57798
58598
49893
59469
59627
58691
59562
58914
59720
58599
57879
58678
49895
49981
58923
57973
49889
57888
58688
49897
57982
58940
59653
58689
58782
59581
59583
59497
58791
59590
59900
59742
58699
58779
59808
59901
58945
59752
59587
58960
59753
58882
59595
59905
59682
59761
58879
58889
59689
59856
59950
59699
59865
59876
59984
1103
1120
1126
1140
1213
1221
{11537,27750}
1136
1215
2110
2018
1226
1241
2107
2042
2200
1237
1251
2116
2044
1239
2118
2119
2140
1248
1421
1249
2134
1257
1408
1423
1351
1273
1280
2072
2065
2152
1267
2153
1290
3112
1277
2162
1509
1452
3043
1610
2158
1294
3130
2159
3132
3212
4004
1299
3213
2500
1616
3128
3300
3221
3215
3301
3208
4007
3216
3209
3302
3223
1539
3058
2510
1625
1467
3303
1554
1547
1705
1555
3081
3218
3225
3226
3312
1491
3320
4040
2514
3313
3242
1723
2516
3308
1803
3243
1645
2602
2603
3330
3316
1653
2518
3238
2381
1733
3252
2611
3245
2519
1741
3239
3325
3253
1569
3261
3254
2527
1742
1498
2541
3255
3327
2614
3262
3169
1729
4134
3421
3249
2529
2471
3257
1680
2379
5006
3329
2544
2609
1659
2386
3422
3265
4150
3186
4136
1818
4208
2538
3344
1668
4058
3352
2711
4230
4151
3194
3267
1913
5009
2554
4152
3361
2490
1835
3268
1842
1828
3269
1764
1836
2721
2707
2635
5104
3356
3277
2722
1916
3291
1930
2715
3292
1759
4307
2572
2730
4314
2716
3450
2637
3371
1853
1767
3372
5107
2559
4323
2495
5050
1696
1689
4237
2647
1790
2497
4181
2648
3605
2820
2734
3462
1785
4261
3541
4319
3527
1936
2901
2671
5061
4262
3700
2586
3464
3378
3385
3701
4263
4270
1880
2830
1945
5056
3544
4264
4185
2594
5049
4258
5071
3538
4265
1789
4193
2588
2818
2905
6022
1955
1797
4266
3561
4267
2683
1970
2906
3640
2914
2828
2907
3397
3549
3491
2764
3707
3714
2685
4269
3477
4434
1886
6025
2686
1887
3801
4600
4436
2687
4515
5400
2852
6034
3644
3479
3651
2860
5078
1982
4358
1968
2688
2839
4610
2854
6122
2847
2861
6130
2697
5403
5410
2848
3741
2856
2698
6203
6045
3662
5404
4540
6210
5089
3900
3742
3663
3807
3728
2857
5413
7004
7011
4621
4528
6140
3593
3737
7012
6062
3816
4608
6127
3910
6128
4544
6221
6300
2939
2874
4551
5408
4609
3745
4538
5430
3595
7014
6222
4459
6057
4473
5416
4466
3681
4617
4704
3754
7015
3912
6223
4618
3833
1998
5503
5511
7016
3676
5432
5425
5504
6059
3597
3755
6224
6303
3762
4713
6067
4641
3842
5433
3598
3770
7018
4635
4800
4721
5513
3908
3685
5427
3836
6147
4628
3758
4557
3923
6306
5435
5521
4637
4651
4565
6163
4802
3931
7106
6400
4558
5429
2895
3766
4645
5602
6315
3925
5523
4725
5603
5610
7029
6079
7122
4804
2897
5438
5524
4811
4581
4812
5381
5518
5532
3855
3790
3776
8001
3848
4805
4741
4648
5605
6181
6325
4813
8002
6167
2899
6332
5526
6246
5541
6412
5462
6405
4670
6261
7046
3943
5390
6254
7132
5606
3786
4657
4808
5391
6327
4750
7212
5384
5607
5377
4901
4809
4816
6407
7055
5550
5385
6421
7048
6263
4658
5392
7221
5386
5537
4680
7049
4673
4594
5616
4760
4739
5617
5466
8100
6337
7057
5538
6423
4818
5552
5394
5459
5631
5387
5480
4826
4761
4589
7065
4675
8015
5704
6503
5539
8008
7151
4833
5467
4755
7303
7224
4913
6360
5396
5547
7066
5468
4597
5483
7311
6505
5713
6347
8103
4770
6189
5555
5397
6419
5563
8025
4922
6197
5800
4685
4771
7219
4764
5484
3958
4678
5714
8111
4837
4765
5650
5715
4686
4844
4851
7162
5564
6428
4766
4694
4780
4773
5486
6364
6450
7091
6429
5723
4845
7314
5730
5580
6509
5645
8121
6372
7250
4853
7315
4847
4775
6517
8201
9000
4768
5725
4854
5639
7086
5495
5488
6453
4862
5568
4927
6295
6367
5726
4776
7087
5719
5661
9002
6461
7260
5583
7332
6296
4777
7181
5576
5662
5577
5742
6620
9003
6534
5578
6700
8047
6621
7341
6528
4779
6614
6391
7262
5664
8220
7342
6536
7270
6471
4787
8048
8055
7098
7500
7407
4788
6458
5738
6702
4795
8300
7257
6623
4789
5588
8301
5760
6459
8057
9021
7502
4796
7272
6703
7430
6473
6539
5668
8151
7352
7194
8137
9008
9009
6389
5669
7511
6619
5690
4891
6712
8310
7505
8218
6713
7361
7268
9031
5691
8304
9110
8311
8153
7276
8075
7506
8226
9032
8240
6714
7514
7600
5693
6629
7349
9112
8241
9033
7521
9026
8148
7522
8400
6730
5838
6802
6723
9113
8149
6479
6724
9121
6559
6731
7602
8308
6487
8401
6580
9050
8402
8309
8251
7438
6653
6660
7610
8330
8323
9122
6718
9036
9116
6805
8410
6661
8245
5769
7381
7453
6582
8331
9051
7604
6568
9044
8403
8317
7533
6648
7540
8246
7296
6734
6662
8167
6820
9038
6663
6821
5778
6498
9211
8261
8175
7527
7455
9125
8319
9039
8412
6735
9204
6900
6584
7470
8262
6736
8190
7298
9119
9205
7377
7529
6830
8342
7385
9127
6672
7543
5794
8249
8501
6910
8422
9070
9063
9049
8343
7393
4996
7616
200000
6903
8192
7465
6738
6594
6659
6824
7473
7545
7631
7552
6739
6667
7459
9143
4997
6904
7617
9129
8416
8258
9208
9136
9150
8265
6746
7474
6682
8194
7539
6912
7632
7546
7481
8273
8345
8338
6905
8431
9230
8280
6833
9137
6762
8346
9066
9145
6913
7475
7633
9303
8339
6834
7468
8511
9304
7713
9146
8419
6677
8426
9153
7562
6598
7397
7469
6921
8282
6828
8440
6908
6922
9226
7714
8513
6679
9155
6758
6772
200020
7643
9313
7636
9241
7629
8291
8508
8364
7479
8371
8443
6694
8522
8515
7565
8285
8601
8365
8437
6774
6846
9085
6695
6853
9315
7717
8523
9229
8530
9308
7660
8359
9316
8445
6854
8452
7725
6768
7718
8438
9158
8517
9086
6775
6782
8374
7575
6697
6855
6848
7568
7654
7496
6769
9318
7497
9325
8447
8368
6849
8612
6856
9246
9260
9167
8382
6863
8375
6870
8519
7806
7670
8455
9182
8462
8390
7821
9326
7735
8613
6699
8369
8376
6778
9340
8534
8542
8470
8449
8607
8391
9255
9341
7578
7664
6858
7657
6786
8377
9270
8529
9263
9500
8615
6866
7672
9328
200107
8457
6880
8608
6939
8544
8551
9264
9329
7594
7738
7752
8386
6881
8393
9336
6874
200130
9416
9186
6789
8473
7753
7832
8545
6954
9351
9193
8387
7911
9503
7682
8560
8553
8546
7754
7819
7668
6876
8711
8395
9266
7597
7690
8468
8554
6798
9505
9354
9268
8641
9189
6799
7828
8562
7598
9269
7922
7843
7829
7850
6886
9513
9506
9441
7908
8491
9355
8477
8570
8492
9370
7679
8708
9198
8629
8636
7693
6966
6894
8571
8399
9371
9443
9601
7838
8565
8723
6981
9293
9286
9365
8717
8487
8559
7925
8580
8732
8495
8804
6983
7782
8718
{2500,2907}
9381
9439
200081
8726
8661
8820
9526
7784
7849
9519
8569
200161
8741
8648
9534
8821
8591
9541
9297
8649
200155
9621
8585
8664
8657
9607
6994
9700
9614
7786
9535
9298
9457
9299
8751
8816
8823
7794
8586
8744
8903
7795
8680
7788
8752
201050
9609
200093
9394
8595
8681
9387
8674
7796
8825
200094
9466
7961
9560
8905
9618
8596
8675
8676
9482
7963
202010
8920
201054
8763
9627
8749
8677
8828
8764
9398
9556
9484
8771
8685
8692
8851
9650
8758
9730
9723
8838
9802
8767
8932
8781
8925
7896
9652
8918
200187
8839
8774
8926
8847
8689
8697
7991
9733
8928
202018
9583
7992
9655
8784
9497
8870
9498
9584
8943
8778
9814
9670
9821
8950
201069
9808
9822
9901
9729
8779
9902
9658
8866
9737
9680
9824
8881
8953
9738
9587
201251
8788
201323
9911
8954
9667
9905
8890
202203
8798
8877
9842
9749
9829
8893
8879
9908
8972
8966
202056
9930
9924
9845
8895
9931
8968
9918
8896
201417
8990
8897
9689
9919
9848
9790
9927
9942
201427
9929
9950
9871
9785
9873
9874
201603
8997
201439
9875
9797
9876
201540
131210
201382
9891
8999
9957
9885
9892
201456
131127
9893
202177
200904
9889
200912
131310
9976
131303
201706
132040
201801
201492
132106
131322
9989
131165
133001
101
132203
132045
132132
9999
132204
132047
132220
131414
132142
131178
132070
132145
132080
131274
132225
132074
210
131284
131349
201917
132228
206
133107
132165
201861
201776
132410
209
137
201935
302
131447
132167
132246
132405
224
201865
226
133062
132335
131702
131386
306
132422
149
156
132272
133064
132280
133216
251
132267
237
132347
131706
173
133232
131713
174
260
132197
131707
133219
132434
132442
133084
133170
132602
270
131717
133229
271
201984
201977
132454
131583
194
201985
195
133255
276
132615
513
600
133185
132379
132630
278
292
286
293
603
133339
131755
367
133196
132490
381
133505
132641
133268
133506
133520
376
383
297
133507
131772
132651
701
133372
133444
378
133380
702
132581
132653
703
387
133295
552
133611
553
132497
132742
133448
132901
721
549
132579
133615
714
557
715
558
637
803
559
724
132761
567
719
812
568
575
133469
132692
497
133398
577
132837
131896
132839
133731
132918
745
680
760
818
132862
668
819
132863
133741
133656
133814
133499
132787
133817
852
766
132789
133667
132876
781
132884
855
132892
133757
786
779
133768
133941
797
132899
895
133948
263000
263001
262202
263003
263004
263011
262206
262150
262215
262301
262310
263030
262218
263018
263019
262242
263120
263114
262401
262237
262330
263043
262403
262253
263038
262318
263124
262254
262182
262405
262333
262340
262248
263047
263140
262184
262421
263055
262342
262192
263070
263057
262186
262502
263301
263064
262503
262273
263072
262417
262424
262352
263058
262195
263080
263073
262274
262353
263311
262282
262505
263146
262354
262440
262355
263075
262434
262600
262199
262429
263314
262444
262509
262365
263164
262374
264116
262526
262605
262375
262462
262369
263327
262391
262463
262377
262378
263500
263099
262544
263422
263264
262631
263423
262394
263259
262388
262474
262560
262711
262561
263432
262468
262482
262633
262720
262476
262706
262469
262549
262721
263434
262484
262801
262643
262492
263363
262493
263292
263443
263450
263444
262638
262731
263437
262717
262566
262494
263531
262725
262488
262581
263373
262740
262733
263460
263612
262806
262820
262497
262590
262813
262814
263541
262807
263297
262900
262808
262822
262743
262750
263391
262593
262665
262737
263536
262659
264415
262594
262903
263379
263616
262760
264409
263703
262681
263631
262832
262589
262761
262668
263546
262675
264424
262748
262906
263626
262676
262669
262683
262914
262907
262770
262756
262599
264362
262765
263629
262686
262851
262687
262773
262688
262781
262695
263646
262847
262689
262696
262854
327733
262848
262697
262769
264439
263655
263569
264375
262699
262778
262785
264448
263649
263584
263656
263585
263671
262865
262872
263579
263665
262866
262788
263594
264472
264465
262789
262868
263674
262869
262948
262962
262955
263596
262949
262891
262798
327844
264556
327693
264564
327775
263698
262988
262989
262996
262997
264589
262999
197002
197017
197035
197043
197116
197118
197204
197133
197212
197207
197300
197064
197071
197216
197145
197068
197155
197091
197235
197078
198036
197158
197253
197248
197169
197264
199020
197099
197343
197501
198070
197502
196705
197267
198224
199103
197426
198225
198218
196714
197520
197284
199105
196709
196638
198171
197451
198157
198229
197524
197359
197453
198252
196655
196742
196807
197541
197620
197298
196729
197377
197535
199127
196745
198415
197394
197617
196832
199129
196753
196675
196826
198432
197640
198354
199081
196914
199139
196763
196691
197556
196678
196844
198435
197636
199320
197637
197731
196695
197580
196925
198279
198602
199322
199330
197804
198517
198610
199244
196776
197726
198288
198295
196863
198605
198541
199319
198297
196936
197742
196864
199420
197750
197578
198529
197744
198378
198385
196874
199422
196881
197588
198545
197595
197667
197904
196797
196890
197826
196948
196957
199361
198720
196878
198477
197764
197922
197686
197765
199508
199364
199530
199381
197790
199518
198569
198648
198499
198816
199393
197960
199551
199624
197882
198826
198596
198840
199635
393220
199484
197893
198908
199636
198851
199565
393223
198781
393225
198934
199734
198935
199569
199728
198785
199578
199585
393238
198961
197999
393406
199599
198893
199758
393430
199860
393266
199847
199783
393428
393508
199793
393451
198988
393612
199949
393299
393457
393545
199974
393395
199976
393708
199995
393719
393742
393676
393695
393791
